"SRA599311","SRS2431649","6","92.22","4.44","3.34"
"SRA599311","SRS2431649","1","98.28","1.72","0.00"
"SRA599311","SRS2431649","0","99.38","0.62","0.00"
"SRA599311","SRS2431649","2","100.00","0.00","0.00"
"SRA599311","SRS2431649","3","90.83","5.00","4.17"
"SRA599311","SRS2431649","8","100.00","0.00","0.00"
"SRA599311","SRS2431649","7","100.00","0.00","0.00"
"SRA599311","SRS2431649","4","96.40","2.70","0.90"
"SRA599311","SRS2431649","11","100.00","0.00","0.00"
"SRA599311","SRS2431649","9","100.00","0.00","0.00"
"SRA599311","SRS2431649","10","98.31","0.00","1.69"
"SRA599311","SRS2431649","5","92.73","3.64","3.63"
"SRA611700","SRS2532370","0","98.60","1.25","0.15"
"SRA611700","SRS2532370","6","96.07","2.56","1.37"
"SRA611700","SRS2532370","8","98.43","1.35","0.22"
"SRA611700","SRS2532370","3","98.81","1.19","0.00"
"SRA611700","SRS2532370","1","99.46","0.36","0.18"
"SRA611700","SRS2532370","4","98.88","1.12","0.00"
"SRA611700","SRS2532370","11","98.45","1.03","0.52"
"SRA611700","SRS2532370","9","89.38","9.59","1.03"
"SRA611700","SRS2532370","5","98.64","0.60","0.76"
"SRA611700","SRS2532370","7","11.92","83.44","4.64"
"SRA611700","SRS2532370","2","98.30","1.02","0.68"
"SRA611700","SRS2532370","12","99.18","0.82","0.00"
"SRA611700","SRS2532370","10","97.39","2.24","0.37"
"SRA611700","SRS2532370","13","100.00","0.00","0.00"
"SRA611700","SRS2532370","16","100.00","0.00","0.00"
"SRA611700","SRS2532370","15","100.00","0.00","0.00"
"SRA611700","SRS2532370","14","100.00","0.00","0.00"
"SRA605557","SRS2493625","1","81.10","7.87","11.03"
"SRA605557","SRS2493625","2","73.85","10.77","15.38"
"SRA605557","SRS2493625","0","73.74","18.18","8.08"
"SRA508949","SRS1876783","2","26.72","55.73","17.55"
"SRA508949","SRS1876783","0","98.32","0.56","1.12"
"SRA508949","SRS1876783","3","63.64","18.18","18.18"
"SRA508949","SRS1876783","1","98.79","0.61","0.60"
"SRA508949","SRS1876783","4","71.05","26.32","2.63"
"SRA508949","SRS1876783","6","71.43","14.29","14.28"
"SRA508949","SRS1876783","5","82.35","0.00","17.65"
"SRA508949","SRS1876783","7","90.91","9.09","0.00"
"SRA711898","SRS3349280","1","85.69","1.74","12.57"
"SRA711898","SRS3349280","0","90.06","1.82","8.12"
"SRA711898","SRS3349280","8","82.14","8.04","9.82"
"SRA711898","SRS3349280","14","97.06","0.00","2.94"
"SRA711898","SRS3349280","7","87.39","0.00","12.61"
"SRA711898","SRS3349280","4","88.18","1.92","9.90"
"SRA711898","SRS3349280","10","75.56","8.89","15.55"
"SRA711898","SRS3349280","2","89.92","1.01","9.07"
"SRA711898","SRS3349280","3","79.38","3.95","16.67"
"SRA711898","SRS3349280","5","88.17","1.61","10.22"
"SRA711898","SRS3349280","9","69.00","11.00","20.00"
"SRA711898","SRS3349280","11","66.67","23.53","9.80"
"SRA711898","SRS3349280","13","88.89","4.44","6.67"
"SRA711898","SRS3349280","6","69.50","17.73","12.77"
"SRA711898","SRS3349280","12","89.36","2.13","8.51"
"SRA553822","SRS2119548","13","87.61","7.08","5.31"
"SRA553822","SRS2119548","1","84.72","9.95","5.33"
"SRA553822","SRS2119548","3","84.81","10.37","4.82"
"SRA553822","SRS2119548","28","77.61","13.43","8.96"
"SRA553822","SRS2119548","36","77.59","8.62","13.79"
"SRA553822","SRS2119548","0","82.76","8.84","8.40"
"SRA553822","SRS2119548","20","80.00","10.48","9.52"
"SRA553822","SRS2119548","2","60.71","36.07","3.22"
"SRA553822","SRS2119548","30","90.77","4.62","4.61"
"SRA553822","SRS2119548","21","82.69","8.65","8.66"
"SRA553822","SRS2119548","6","85.09","11.18","3.73"
"SRA553822","SRS2119548","18","80.95","7.62","11.43"
"SRA553822","SRS2119548","9","80.99","8.26","10.75"
"SRA553822","SRS2119548","39","92.45","5.66","1.89"
"SRA553822","SRS2119548","24","80.52","10.39","9.09"
"SRA553822","SRS2119548","16","80.91","8.18","10.91"
"SRA553822","SRS2119548","38","81.48","11.11","7.41"
"SRA553822","SRS2119548","4","89.09","4.09","6.82"
"SRA553822","SRS2119548","40","85.71","8.16","6.13"
"SRA553822","SRS2119548","8","80.95","11.11","7.94"
"SRA553822","SRS2119548","29","95.45","1.52","3.03"
"SRA553822","SRS2119548","11","85.96","5.26","8.78"
"SRA553822","SRS2119548","14","76.11","3.54","20.35"
"SRA553822","SRS2119548","31","84.38","9.38","6.24"
"SRA553822","SRS2119548","5","70.31","14.58","15.11"
"SRA553822","SRS2119548","7","82.03","9.38","8.59"
"SRA553822","SRS2119548","26","79.17","12.50","8.33"
"SRA553822","SRS2119548","34","83.05","11.86","5.09"
"SRA553822","SRS2119548","35","83.05","11.86","5.09"
"SRA553822","SRS2119548","27","84.06","4.35","11.59"
"SRA553822","SRS2119548","15","89.19","4.50","6.31"
"SRA553822","SRS2119548","19","80.95","10.48","8.57"
"SRA553822","SRS2119548","33","87.30","7.94","4.76"
"SRA553822","SRS2119548","22","83.13","9.64","7.23"
"SRA553822","SRS2119548","37","89.09","3.64","7.27"
"SRA553822","SRS2119548","12","85.96","6.14","7.90"
"SRA553822","SRS2119548","17","82.24","10.28","7.48"
"SRA553822","SRS2119548","25","84.93","8.22","6.85"
"SRA553822","SRS2119548","10","82.61","9.57","7.82"
"SRA553822","SRS2119548","23","80.72","14.46","4.82"
"SRA553822","SRS2119548","32","79.69","10.94","9.37"
"SRA611700","SRS2532373","1","95.92","3.63","0.45"
"SRA611700","SRS2532373","5","23.08","72.03","4.89"
"SRA611700","SRS2532373","10","96.67","3.33","0.00"
"SRA611700","SRS2532373","3","96.23","3.14","0.63"
"SRA611700","SRS2532373","17","94.12","5.88","0.00"
"SRA611700","SRS2532373","0","94.25","5.41","0.34"
"SRA611700","SRS2532373","2","98.28","1.57","0.15"
"SRA611700","SRS2532373","9","92.63","6.32","1.05"
"SRA611700","SRS2532373","8","91.53","5.93","2.54"
"SRA611700","SRS2532373","6","95.04","2.84","2.12"
"SRA611700","SRS2532373","4","97.48","2.52","0.00"
"SRA611700","SRS2532373","12","96.55","3.45","0.00"
"SRA611700","SRS2532373","7","94.24","5.76","0.00"
"SRA611700","SRS2532373","13","98.04","1.96","0.00"
"SRA611700","SRS2532373","11","98.88","1.12","0.00"
"SRA611700","SRS2532373","16","100.00","0.00","0.00"
"SRA611700","SRS2532373","15","100.00","0.00","0.00"
"SRA611700","SRS2532373","14","96.43","0.00","3.57"
"SRA605557","SRS2493626","1","67.30","23.27","9.43"
"SRA605557","SRS2493626","0","60.10","26.94","12.96"
"SRA605557","SRS2493626","2","73.68","21.05","5.27"
"SRA611700","SRS2532369","5","99.16","0.84","0.00"
"SRA611700","SRS2532369","0","99.60","0.40","0.00"
"SRA611700","SRS2532369","4","99.35","0.49","0.16"
"SRA611700","SRS2532369","8","93.54","3.40","3.06"
"SRA611700","SRS2532369","2","98.93","0.72","0.35"
"SRA611700","SRS2532369","7","98.56","1.15","0.29"
"SRA611700","SRS2532369","1","100.00","0.00","0.00"
"SRA611700","SRS2532369","14","2.56","94.87","2.57"
"SRA611700","SRS2532369","9","97.21","2.79","0.00"
"SRA611700","SRS2532369","6","98.72","1.10","0.18"
"SRA611700","SRS2532369","10","100.00","0.00","0.00"
"SRA611700","SRS2532369","3","98.61","1.11","0.28"
"SRA611700","SRS2532369","12","99.01","0.49","0.50"
"SRA611700","SRS2532369","13","98.47","1.53","0.00"
"SRA611700","SRS2532369","17","92.50","7.50","0.00"
"SRA611700","SRS2532369","11","98.05","1.95","0.00"
"SRA611700","SRS2532369","16","100.00","0.00","0.00"
"SRA611700","SRS2532369","15","98.08","1.92","0.00"
"SRA608611","SRS2517317","1","42.86","25.17","31.97"
"SRA608611","SRS2517317","5","77.27","7.58","15.15"
"SRA608611","SRS2517317","3","37.70","22.95","39.35"
"SRA608611","SRS2517317","0","61.24","1.69","37.07"
"SRA608611","SRS2517317","6","50.79","19.05","30.16"
"SRA608611","SRS2517317","2","53.96","13.67","32.37"
"SRA608611","SRS2517317","4","33.94","11.01","55.05"
"SRA608611","SRS2517317","7","50.00","0.00","50.00"
"SRA678017","SRS3112005","1","67.38","6.00","26.62"
"SRA678017","SRS3112005","0","70.87","5.38","23.75"
"SRA678017","SRS3112005","3","68.15","4.96","26.89"
"SRA678017","SRS3112005","2","78.08","3.58","18.34"
"SRA678017","SRS3112005","7","62.31","10.00","27.69"
"SRA678017","SRS3112005","6","75.29","4.12","20.59"
"SRA678017","SRS3112005","10","94.00","0.00","6.00"
"SRA678017","SRS3112005","8","57.02","6.61","36.37"
"SRA678017","SRS3112005","5","30.69","50.00","19.31"
"SRA678017","SRS3112005","4","32.08","38.87","29.05"
"SRA678017","SRS3112005","9","87.32","0.00","12.68"
"SRA678017","SRS3112005","13","88.24","0.00","11.76"
"SRA678017","SRS3112005","11","58.62","17.24","24.14"
"SRA678017","SRS3112005","12","61.11","27.78","11.11"
"SRA670243","SRS3078084","0","98.91","0.27","0.82"
"SRA670243","SRS3078084","9","97.37","2.11","0.52"
"SRA670243","SRS3078084","3","99.83","0.00","0.17"
"SRA670243","SRS3078084","5","99.66","0.00","0.34"
"SRA670243","SRS3078084","10","91.07","7.14","1.79"
"SRA670243","SRS3078084","4","99.58","0.21","0.21"
"SRA670243","SRS3078084","2","99.83","0.17","0.00"
"SRA670243","SRS3078084","14","95.56","4.44","0.00"
"SRA670243","SRS3078084","1","94.80","3.64","1.56"
"SRA670243","SRS3078084","8","99.20","0.00","0.80"
"SRA670243","SRS3078084","7","99.60","0.40","0.00"
"SRA670243","SRS3078084","11","100.00","0.00","0.00"
"SRA670243","SRS3078084","6","99.65","0.00","0.35"
"SRA670243","SRS3078084","17","97.37","2.63","0.00"
"SRA670243","SRS3078084","22","100.00","0.00","0.00"
"SRA670243","SRS3078084","18","100.00","0.00","0.00"
"SRA670243","SRS3078084","16","97.56","2.44","0.00"
"SRA670243","SRS3078084","15","97.78","0.00","2.22"
"SRA670243","SRS3078084","12","66.67","30.43","2.90"
"SRA670243","SRS3078084","19","100.00","0.00","0.00"
"SRA670243","SRS3078084","13","100.00","0.00","0.00"
"SRA670243","SRS3078084","21","100.00","0.00","0.00"
"SRA670243","SRS3078084","20","93.33","6.67","0.00"
"SRA571721","SRS2259441","0","88.85","4.14","7.01"
"SRA571721","SRS2259441","3","72.31","14.62","13.07"
"SRA571721","SRS2259441","2","91.91","3.30","4.79"
"SRA571721","SRS2259441","4","48.75","36.01","15.24"
"SRA571721","SRS2259441","5","90.24","7.32","2.44"
"SRA571721","SRS2259441","1","75.31","8.33","16.36"
"SRA571721","SRS2259442","8","61.70","12.77","25.53"
"SRA571721","SRS2259442","4","6.63","79.73","13.64"
"SRA571721","SRS2259442","1","90.05","2.26","7.69"
"SRA571721","SRS2259442","2","48.45","18.58","32.97"
"SRA571721","SRS2259442","0","88.79","3.27","7.94"
"SRA571721","SRS2259442","3","53.33","24.10","22.57"
"SRA571721","SRS2259442","6","55.51","20.34","24.15"
"SRA571721","SRS2259442","5","35.25","40.00","24.75"
"SRA571721","SRS2259442","7","69.89","24.73","5.38"
"SRA571721","SRS2259442","9","38.89","33.33","27.78"
"SRA611700","SRS2532367","10","73.08","19.78","7.14"
"SRA611700","SRS2532367","2","98.59","0.94","0.47"
"SRA611700","SRS2532367","13","97.81","1.64","0.55"
"SRA611700","SRS2532367","0","99.08","0.35","0.57"
"SRA611700","SRS2532367","4","97.84","1.37","0.79"
"SRA611700","SRS2532367","15","22.06","76.47","1.47"
"SRA611700","SRS2532367","9","13.40","58.98","27.62"
"SRA611700","SRS2532367","12","100.00","0.00","0.00"
"SRA611700","SRS2532367","1","49.54","43.71","6.75"
"SRA611700","SRS2532367","5","98.20","1.60","0.20"
"SRA611700","SRS2532367","8","82.61","4.09","13.30"
"SRA611700","SRS2532367","20","6.90","68.97","24.13"
"SRA611700","SRS2532367","3","98.94","0.53","0.53"
"SRA611700","SRS2532367","6","0.00","100.00","0.00"
"SRA611700","SRS2532367","17","100.00","0.00","0.00"
"SRA611700","SRS2532367","18","95.51","4.49","0.00"
"SRA611700","SRS2532367","11","100.00","0.00","0.00"
"SRA611700","SRS2532367","14","96.67","1.11","2.22"
"SRA611700","SRS2532367","7","99.54","0.00","0.46"
"SRA611700","SRS2532367","16","97.78","2.22","0.00"
"SRA611700","SRS2532367","19","77.78","18.52","3.70"
"SRA644036","SRS2808714","0","99.17","0.83","0.00"
"SRA644036","SRS2808714","10","100.00","0.00","0.00"
"SRA644036","SRS2808714","2","99.33","0.00","0.67"
"SRA644036","SRS2808714","5","98.82","1.18","0.00"
"SRA644036","SRS2808714","3","100.00","0.00","0.00"
"SRA644036","SRS2808714","1","100.00","0.00","0.00"
"SRA644036","SRS2808714","4","100.00","0.00","0.00"
"SRA644036","SRS2808714","8","100.00","0.00","0.00"
"SRA644036","SRS2808714","6","100.00","0.00","0.00"
"SRA644036","SRS2808714","9","100.00","0.00","0.00"
"SRA644036","SRS2808714","7","91.67","8.33","0.00"
"SRA508949","SRS1876784","2","31.98","59.30","8.72"
"SRA508949","SRS1876784","3","63.64","24.79","11.57"
"SRA508949","SRS1876784","0","98.16","0.61","1.23"
"SRA508949","SRS1876784","4","67.27","21.82","10.91"
"SRA508949","SRS1876784","1","95.55","1.21","3.24"
"SRA508949","SRS1876784","6","76.19","23.81","0.00"
"SRA508949","SRS1876784","5","95.65","4.35","0.00"
"SRA508949","SRS1876784","7","88.89","11.11","0.00"
"SRA689041","SRS3166675","1","96.96","2.66","0.38"
"SRA689041","SRS3166675","8","87.18","5.13","7.69"
"SRA689041","SRS3166675","14","89.29","10.71","0.00"
"SRA689041","SRS3166675","0","95.51","4.22","0.27"
"SRA689041","SRS3166675","2","97.20","2.80","0.00"
"SRA689041","SRS3166675","3","97.45","1.91","0.64"
"SRA689041","SRS3166675","9","98.65","1.35","0.00"
"SRA689041","SRS3166675","11","94.92","1.69","3.39"
"SRA689041","SRS3166675","6","97.89","2.11","0.00"
"SRA689041","SRS3166675","4","97.14","2.14","0.72"
"SRA689041","SRS3166675","5","96.00","4.00","0.00"
"SRA689041","SRS3166675","7","90.59","8.24","1.17"
"SRA689041","SRS3166675","12","100.00","0.00","0.00"
"SRA689041","SRS3166675","17","75.00","25.00","0.00"
"SRA689041","SRS3166675","10","79.69","15.62","4.69"
"SRA689041","SRS3166675","15","95.00","5.00","0.00"
"SRA689041","SRS3166675","13","96.43","3.57","0.00"
"SRA689041","SRS3166675","16","29.41","64.71","5.88"
"SRA611700","SRS2532368","2","99.46","0.40","0.14"
"SRA611700","SRS2532368","13","100.00","0.00","0.00"
"SRA611700","SRS2532368","3","99.17","0.69","0.14"
"SRA611700","SRS2532368","7","99.70","0.30","0.00"
"SRA611700","SRS2532368","6","99.20","0.48","0.32"
"SRA611700","SRS2532368","5","99.05","0.79","0.16"
"SRA611700","SRS2532368","18","27.59","68.97","3.44"
"SRA611700","SRS2532368","9","99.46","0.54","0.00"
"SRA611700","SRS2532368","8","98.80","1.20","0.00"
"SRA611700","SRS2532368","4","99.54","0.46","0.00"
"SRA611700","SRS2532368","12","100.00","0.00","0.00"
"SRA611700","SRS2532368","1","99.76","0.00","0.24"
"SRA611700","SRS2532368","0","99.89","0.00","0.11"
"SRA611700","SRS2532368","15","97.73","2.27","0.00"
"SRA611700","SRS2532368","11","100.00","0.00","0.00"
"SRA611700","SRS2532368","10","100.00","0.00","0.00"
"SRA611700","SRS2532368","16","78.05","19.51","2.44"
"SRA611700","SRS2532368","17","100.00","0.00","0.00"
"SRA611700","SRS2532368","14","100.00","0.00","0.00"
"SRA570744","SRS2253536","0","97.20","2.80","0.00"
"SRA570744","SRS2253536","3","96.81","2.71","0.48"
"SRA570744","SRS2253536","1","94.74","4.92","0.34"
"SRA570744","SRS2253536","4","94.50","5.00","0.50"
"SRA570744","SRS2253536","2","95.28","4.07","0.65"
"SRA570744","SRS2253536","6","100.00","0.00","0.00"
"SRA570744","SRS2253536","5","97.30","2.70","0.00"
"SRA678017","SRS3112006","2","70.81","6.36","22.83"
"SRA678017","SRS3112006","0","61.56","6.52","31.92"
"SRA678017","SRS3112006","8","36.18","29.65","34.17"
"SRA678017","SRS3112006","6","66.36","13.64","20.00"
"SRA678017","SRS3112006","3","77.35","1.62","21.03"
"SRA678017","SRS3112006","12","67.09","10.13","22.78"
"SRA678017","SRS3112006","10","71.54","1.54","26.92"
"SRA678017","SRS3112006","13","84.85","1.52","13.63"
"SRA678017","SRS3112006","4","56.58","5.69","37.73"
"SRA678017","SRS3112006","1","59.65","3.96","36.39"
"SRA678017","SRS3112006","9","59.57","8.51","31.92"
"SRA678017","SRS3112006","7","82.38","3.81","13.81"
"SRA678017","SRS3112006","5","68.94","7.23","23.83"
"SRA678017","SRS3112006","11","15.38","52.88","31.74"
"SRA678017","SRS3112006","16","80.95","9.52","9.53"
"SRA678017","SRS3112006","15","91.67","0.00","8.33"
"SRA678017","SRS3112006","18","100.00","0.00","0.00"
"SRA678017","SRS3112006","14","78.79","3.03","18.18"
"SRA678017","SRS3112006","19","75.00","8.33","16.67"
"SRA678017","SRS3112006","17","95.00","0.00","5.00"
"SRA608611","SRS2517316","5","63.75","17.50","18.75"
"SRA608611","SRS2517316","3","67.77","8.26","23.97"
"SRA608611","SRS2517316","1","81.43","2.86","15.71"
"SRA608611","SRS2517316","0","52.34","14.02","33.64"
"SRA608611","SRS2517316","7","100.00","0.00","0.00"
"SRA608611","SRS2517316","4","46.58","31.51","21.91"
"SRA608611","SRS2517316","2","75.43","2.29","22.28"
"SRA608611","SRS2517316","9","56.25","25.00","18.75"
"SRA608611","SRS2517316","6","70.18","12.28","17.54"
"SRA608611","SRS2517316","8","96.00","0.00","4.00"
"SRA611700","SRS2532371","23","89.47","10.53","0.00"
"SRA611700","SRS2532371","1","93.62","5.22","1.16"
"SRA611700","SRS2532371","2","94.79","4.61","0.60"
"SRA611700","SRS2532371","0","99.14","0.86","0.00"
"SRA611700","SRS2532371","3","100.00","0.00","0.00"
"SRA611700","SRS2532371","5","96.31","3.04","0.65"
"SRA611700","SRS2532371","19","92.86","5.36","1.78"
"SRA611700","SRS2532371","10","95.72","1.95","2.33"
"SRA611700","SRS2532371","4","99.79","0.00","0.21"
"SRA611700","SRS2532371","13","98.94","1.06","0.00"
"SRA611700","SRS2532371","11","95.22","3.59","1.19"
"SRA611700","SRS2532371","7","94.88","4.88","0.24"
"SRA611700","SRS2532371","15","94.70","3.79","1.51"
"SRA611700","SRS2532371","9","98.86","0.76","0.38"
"SRA611700","SRS2532371","6","99.76","0.00","0.24"
"SRA611700","SRS2532371","14","95.04","4.26","0.70"
"SRA611700","SRS2532371","18","100.00","0.00","0.00"
"SRA611700","SRS2532371","8","99.38","0.31","0.31"
"SRA611700","SRS2532371","12","99.04","0.48","0.48"
"SRA611700","SRS2532371","22","100.00","0.00","0.00"
"SRA611700","SRS2532371","16","100.00","0.00","0.00"
"SRA611700","SRS2532371","17","98.28","1.72","0.00"
"SRA611700","SRS2532371","25","100.00","0.00","0.00"
"SRA611700","SRS2532371","27","100.00","0.00","0.00"
"SRA611700","SRS2532371","21","75.00","18.75","6.25"
"SRA611700","SRS2532371","24","97.22","2.78","0.00"
"SRA611700","SRS2532371","20","5.88","90.20","3.92"
"SRA611700","SRS2532371","26","16.13","83.87","0.00"
"SRA611700","SRS2532371","28","100.00","0.00","0.00"
"SRA599311","SRS2431648","8","100.00","0.00","0.00"
"SRA599311","SRS2431648","0","98.99","0.67","0.34"
"SRA599311","SRS2431648","11","87.18","12.82","0.00"
"SRA599311","SRS2431648","1","99.43","0.57","0.00"
"SRA599311","SRS2431648","10","98.44","0.00","1.56"
"SRA599311","SRS2431648","12","100.00","0.00","0.00"
"SRA599311","SRS2431648","13","97.14","2.86","0.00"
"SRA599311","SRS2431648","5","95.61","4.39","0.00"
"SRA599311","SRS2431648","2","100.00","0.00","0.00"
"SRA599311","SRS2431648","9","98.51","1.49","0.00"
"SRA599311","SRS2431648","6","92.00","5.00","3.00"
"SRA599311","SRS2431648","7","98.91","0.00","1.09"
"SRA599311","SRS2431648","4","94.87","3.42","1.71"
"SRA599311","SRS2431648","3","100.00","0.00","0.00"
"SRA599311","SRS2431648","14","100.00","0.00","0.00"
"SRA598936","SRS2428405","7","63.74","14.04","22.22"
"SRA598936","SRS2428405","2","43.45","13.42","43.13"
"SRA598936","SRS2428405","3","59.22","10.03","30.75"
"SRA598936","SRS2428405","1","53.62","10.79","35.59"
"SRA598936","SRS2428405","11","65.57","7.38","27.05"
"SRA598936","SRS2428405","0","41.81","12.88","45.31"
"SRA598936","SRS2428405","5","16.67","50.85","32.48"
"SRA598936","SRS2428405","6","45.95","25.41","28.64"
"SRA598936","SRS2428405","12","66.38","8.62","25.00"
"SRA598936","SRS2428405","15","72.00","8.00","20.00"
"SRA598936","SRS2428405","9","13.75","71.25","15.00"
"SRA598936","SRS2428405","8","54.32","12.96","32.72"
"SRA598936","SRS2428405","4","55.43","10.85","33.72"
"SRA598936","SRS2428405","10","78.57","9.52","11.91"
"SRA598936","SRS2428405","13","50.60","13.25","36.15"
"SRA598936","SRS2428405","14","84.75","10.17","5.08"
"SRA508949","SRS1876792","1","36.46","51.38","12.16"
"SRA508949","SRS1876792","5","82.14","17.86","0.00"
"SRA508949","SRS1876792","0","100.00","0.00","0.00"
"SRA508949","SRS1876792","6","80.95","19.05","0.00"
"SRA508949","SRS1876792","2","62.39","25.66","11.95"
"SRA508949","SRS1876792","3","90.12","7.41","2.47"
"SRA508949","SRS1876792","4","86.67","8.33","5.00"
"SRA508949","SRS1876792","7","30.77","53.85","15.38"
"SRA550869","SRS2093772","1","93.64","6.36","0.00"
"SRA550869","SRS2093772","0","94.69","4.90","0.41"
"SRA550869","SRS2093772","9","100.00","0.00","0.00"
"SRA550869","SRS2093772","2","89.80","4.76","5.44"
"SRA550869","SRS2093772","6","36.36","59.09","4.55"
"SRA550869","SRS2093772","4","92.39","7.61","0.00"
"SRA550869","SRS2093772","8","86.67","13.33","0.00"
"SRA550869","SRS2093772","3","97.12","1.92","0.96"
"SRA550869","SRS2093772","7","82.35","17.65","0.00"
"SRA550869","SRS2093772","5","90.38","9.62","0.00"
"SRA508949","SRS1876796","0","96.27","2.07","1.66"
"SRA508949","SRS1876796","1","65.42","27.57","7.01"
"SRA508949","SRS1876796","2","44.00","40.80","15.20"
"SRA508949","SRS1876796","3","95.61","3.51","0.88"
"SRA508949","SRS1876796","4","94.44","5.56","0.00"
"SRA508949","SRS1876796","5","66.67","26.19","7.14"
"SRA508949","SRS1876796","6","97.14","2.86","0.00"
"SRA508949","SRS1876796","7","58.33","29.17","12.50"
"SRA508949","SRS1876796","8","100.00","0.00","0.00"
"SRA508949","SRS1876786","4","63.64","33.33","3.03"
"SRA508949","SRS1876786","2","63.08","27.69","9.23"
"SRA508949","SRS1876786","1","87.06","8.82","4.12"
"SRA508949","SRS1876786","5","96.67","3.33","0.00"
"SRA508949","SRS1876786","0","44.44","45.45","10.11"
"SRA508949","SRS1876786","3","91.80","4.92","3.28"
"SRA508949","SRS1876785","5","100.00","0.00","0.00"
"SRA508949","SRS1876785","2","60.76","30.38","8.86"
"SRA508949","SRS1876785","3","100.00","0.00","0.00"
"SRA508949","SRS1876785","1","95.10","4.90","0.00"
"SRA508949","SRS1876785","0","33.64","55.14","11.22"
"SRA508949","SRS1876785","4","72.73","22.73","4.54"
"SRA508949","SRS1876789","2","98.85","1.15","0.00"
"SRA508949","SRS1876789","5","100.00","0.00","0.00"
"SRA508949","SRS1876789","1","100.00","0.00","0.00"
"SRA508949","SRS1876789","4","91.43","4.29","4.28"
"SRA508949","SRS1876789","7","100.00","0.00","0.00"
"SRA508949","SRS1876789","0","71.23","20.55","8.22"
"SRA508949","SRS1876789","3","95.18","2.41","2.41"
"SRA508949","SRS1876789","6","95.00","5.00","0.00"
"SRA508949","SRS1876793","6","100.00","0.00","0.00"
"SRA508949","SRS1876793","1","33.43","55.23","11.34"
"SRA508949","SRS1876793","2","84.87","9.79","5.34"
"SRA508949","SRS1876793","0","98.30","0.73","0.97"
"SRA508949","SRS1876793","4","80.95","7.14","11.91"
"SRA508949","SRS1876793","5","86.49","8.11","5.40"
"SRA508949","SRS1876793","3","75.64","19.23","5.13"
"SRA508949","SRS1876793","8","100.00","0.00","0.00"
"SRA508949","SRS1876793","7","92.86","7.14","0.00"
"SRA550869","SRS2747908","2","96.83","3.17","0.00"
"SRA550869","SRS2747908","4","97.73","2.27","0.00"
"SRA550869","SRS2747908","7","100.00","0.00","0.00"
"SRA550869","SRS2747908","0","96.55","2.30","1.15"
"SRA550869","SRS2747908","1","94.29","4.29","1.42"
"SRA550869","SRS2747908","5","100.00","0.00","0.00"
"SRA550869","SRS2747908","6","94.44","5.56","0.00"
"SRA550869","SRS2747908","3","87.50","7.14","5.36"
"SRA508949","SRS1876795","6","84.31","13.73","1.96"
"SRA508949","SRS1876795","3","94.00","6.00","0.00"
"SRA508949","SRS1876795","5","79.03","12.90","8.07"
"SRA508949","SRS1876795","9","100.00","0.00","0.00"
"SRA508949","SRS1876795","0","68.80","19.20","12.00"
"SRA508949","SRS1876795","2","46.45","40.65","12.90"
"SRA508949","SRS1876795","1","97.89","2.11","0.00"
"SRA508949","SRS1876795","7","92.00","8.00","0.00"
"SRA508949","SRS1876795","4","94.44","5.56","0.00"
"SRA508949","SRS1876795","8","60.00","26.67","13.33"
"SRA550869","SRS2747909","1","95.31","4.69","0.00"
"SRA550869","SRS2747909","2","99.12","0.00","0.88"
"SRA550869","SRS2747909","0","95.57","1.90","2.53"
"SRA550869","SRS2747909","5","98.89","1.11","0.00"
"SRA550869","SRS2747909","8","64.10","33.33","2.57"
"SRA550869","SRS2747909","9","100.00","0.00","0.00"
"SRA550869","SRS2747909","3","85.86","11.11","3.03"
"SRA550869","SRS2747909","6","98.51","1.49","0.00"
"SRA550869","SRS2747909","16","100.00","0.00","0.00"
"SRA550869","SRS2747909","11","100.00","0.00","0.00"
"SRA550869","SRS2747909","7","94.44","5.56","0.00"
"SRA550869","SRS2747909","10","74.19","22.58","3.23"
"SRA550869","SRS2747909","14","94.12","5.88","0.00"
"SRA550869","SRS2747909","13","95.83","4.17","0.00"
"SRA550869","SRS2747909","12","100.00","0.00","0.00"
"SRA550869","SRS2747909","4","100.00","0.00","0.00"
"SRA550869","SRS2747909","15","100.00","0.00","0.00"
"SRA508949","SRS1876787","0","33.97","53.11","12.92"
"SRA508949","SRS1876787","1","94.50","4.00","1.50"
"SRA508949","SRS1876787","2","69.44","24.07","6.49"
"SRA508949","SRS1876787","4","93.33","6.67","0.00"
"SRA508949","SRS1876787","3","66.67","29.17","4.16"
"SRA578634","SRS2302658","0","91.67","5.21","3.12"
"SRA578634","SRS2302658","1","96.55","2.30","1.15"
"SRA578634","SRS2302658","2","100.00","0.00","0.00"
"SRA508949","SRS1876790","0","99.15","0.43","0.42"
"SRA508949","SRS1876790","6","94.52","5.48","0.00"
"SRA508949","SRS1876790","3","98.76","0.62","0.62"
"SRA508949","SRS1876790","5","88.04","8.70","3.26"
"SRA508949","SRS1876790","8","96.83","3.17","0.00"
"SRA508949","SRS1876790","2","100.00","0.00","0.00"
"SRA508949","SRS1876790","9","100.00","0.00","0.00"
"SRA508949","SRS1876790","4","62.88","28.79","8.33"
"SRA508949","SRS1876790","7","84.13","12.70","3.17"
"SRA508949","SRS1876790","1","92.42","6.57","1.01"
"SRA508949","SRS1876790","10","100.00","0.00","0.00"
"SRA508949","SRS1876794","1","27.03","59.85","13.12"
"SRA508949","SRS1876794","2","71.30","18.70","10.00"
"SRA508949","SRS1876794","3","97.73","0.00","2.27"
"SRA508949","SRS1876794","4","76.25","21.25","2.50"
"SRA508949","SRS1876794","6","75.00","16.67","8.33"
"SRA508949","SRS1876794","0","99.14","0.00","0.86"
"SRA508949","SRS1876794","5","86.84","10.53","2.63"
"SRA508949","SRS1876794","7","91.67","0.00","8.33"
"SRA508949","SRS1876788","0","34.26","53.98","11.76"
"SRA508949","SRS1876788","2","58.93","29.46","11.61"
"SRA508949","SRS1876788","1","94.61","2.45","2.94"
"SRA508949","SRS1876788","3","69.70","18.18","12.12"
"SRA508949","SRS1876788","4","84.38","15.62","0.00"
"SRA508949","SRS1876788","5","92.86","7.14","0.00"
"SRA508949","SRS1876788","6","100.00","0.00","0.00"
"SRA508949","SRS1876791","0","98.04","1.40","0.56"
"SRA508949","SRS1876791","1","64.04","28.07","7.89"
"SRA508949","SRS1876791","3","88.42","8.42","3.16"
"SRA508949","SRS1876791","6","78.95","10.53","10.52"
"SRA508949","SRS1876791","4","77.78","17.28","4.94"
"SRA508949","SRS1876791","2","42.19","45.51","12.30"
"SRA508949","SRS1876791","5","92.11","5.26","2.63"
"SRA508949","SRS1876791","7","36.36","36.36","27.28"
"SRA578634","SRS2302660","0","97.04","1.59","1.37"
"SRA578634","SRS2302660","2","98.57","0.71","0.72"
"SRA578634","SRS2302660","1","95.86","1.38","2.76"
"SRA578634","SRS2302660","3","30.60","64.18","5.22"
"SRA578634","SRS2302660","4","100.00","0.00","0.00"
"SRA578634","SRS2302660","5","100.00","0.00","0.00"
"SRA578634","SRS2302660","7","100.00","0.00","0.00"
"SRA578634","SRS2302660","6","100.00","0.00","0.00"
"SRA578634","SRS2302659","1","68.66","29.85","1.49"
"SRA578634","SRS2302659","0","100.00","0.00","0.00"
"SRA578634","SRS2302659","2","100.00","0.00","0.00"
"SRA578634","SRS2302659","3","100.00","0.00","0.00"
"SRA593403","SRS2392270","4","90.91","6.06","3.03"
"SRA593403","SRS2392270","7","100.00","0.00","0.00"
"SRA593403","SRS2392270","1","25.37","56.72","17.91"
"SRA593403","SRS2392270","0","98.35","1.10","0.55"
"SRA593403","SRS2392270","5","96.97","3.03","0.00"
"SRA593403","SRS2392270","6","89.66","3.45","6.89"
"SRA593403","SRS2392270","2","100.00","0.00","0.00"
"SRA593403","SRS2392270","9","100.00","0.00","0.00"
"SRA593403","SRS2392270","3","86.21","10.34","3.45"
"SRA593403","SRS2392270","8","95.24","0.00","4.76"
"SRA593403","SRS2392264","3","99.26","0.74","0.00"
"SRA593403","SRS2392264","5","100.00","0.00","0.00"
"SRA593403","SRS2392264","2","96.77","2.69","0.54"
"SRA593403","SRS2392264","4","99.10","0.00","0.90"
"SRA593403","SRS2392264","6","97.10","1.45","1.45"
"SRA593403","SRS2392264","0","97.96","1.53","0.51"
"SRA593403","SRS2392264","1","97.86","2.14","0.00"
"SRA593403","SRS2392264","7","56.52","36.96","6.52"
"SRA593403","SRS2392264","8","97.14","2.86","0.00"
"SRA709693","SRS3331501","1","97.01","2.39","0.60"
"SRA709693","SRS3331501","5","79.01","14.36","6.63"
"SRA709693","SRS3331501","2","37.86","46.91","15.23"
"SRA709693","SRS3331501","0","100.00","0.00","0.00"
"SRA709693","SRS3331501","4","98.97","1.03","0.00"
"SRA709693","SRS3331501","3","26.21","65.05","8.74"
"SRA709693","SRS3331501","6","99.33","0.00","0.67"
"SRA709693","SRS3331501","8","81.82","15.15","3.03"
"SRA709693","SRS3331501","7","60.87","36.96","2.17"
"SRA593403","SRS2392265","6","40.00","24.44","35.56"
"SRA593403","SRS2392265","8","100.00","0.00","0.00"
"SRA593403","SRS2392265","0","99.00","1.00","0.00"
"SRA593403","SRS2392265","2","100.00","0.00","0.00"
"SRA593403","SRS2392265","3","100.00","0.00","0.00"
"SRA593403","SRS2392265","1","92.93","7.07","0.00"
"SRA593403","SRS2392265","9","100.00","0.00","0.00"
"SRA593403","SRS2392265","4","100.00","0.00","0.00"
"SRA593403","SRS2392265","7","90.48","2.38","7.14"
"SRA593403","SRS2392265","5","100.00","0.00","0.00"
"SRA593403","SRS2392267","1","98.57","1.43","0.00"
"SRA593403","SRS2392267","2","70.49","22.95","6.56"
"SRA593403","SRS2392267","5","6.25","87.50","6.25"
"SRA593403","SRS2392267","4","96.36","1.82","1.82"
"SRA593403","SRS2392267","3","100.00","0.00","0.00"
"SRA593403","SRS2392267","0","94.62","3.23","2.15"
"SRA593403","SRS2392267","6","62.16","21.62","16.22"
"SRA593403","SRS2392267","7","93.33","0.00","6.67"
"SRA593403","SRS2392266","2","98.59","0.00","1.41"
"SRA593403","SRS2392266","5","85.45","10.91","3.64"
"SRA593403","SRS2392266","1","95.61","3.51","0.88"
"SRA593403","SRS2392266","4","96.72","0.00","3.28"
"SRA593403","SRS2392266","0","95.53","3.91","0.56"
"SRA593403","SRS2392266","3","98.46","1.54","0.00"
"SRA593403","SRS2392266","7","89.47","10.53","0.00"
"SRA593403","SRS2392266","6","92.16","5.88","1.96"
"SRA593403","SRS2392266","9","100.00","0.00","0.00"
"SRA593403","SRS2392266","8","100.00","0.00","0.00"
"SRA593403","SRS2392269","11","94.44","0.00","5.56"
"SRA593403","SRS2392269","5","96.88","3.12","0.00"
"SRA593403","SRS2392269","1","100.00","0.00","0.00"
"SRA593403","SRS2392269","9","98.55","0.00","1.45"
"SRA593403","SRS2392269","15","100.00","0.00","0.00"
"SRA593403","SRS2392269","17","84.00","16.00","0.00"
"SRA593403","SRS2392269","13","96.88","0.00","3.12"
"SRA593403","SRS2392269","7","97.59","0.00","2.41"
"SRA593403","SRS2392269","6","98.90","1.10","0.00"
"SRA593403","SRS2392269","0","95.56","2.96","1.48"
"SRA593403","SRS2392269","3","47.12","43.27","9.61"
"SRA593403","SRS2392269","2","97.17","0.94","1.89"
"SRA593403","SRS2392269","12","93.75","6.25","0.00"
"SRA593403","SRS2392269","8","15.58","66.23","18.19"
"SRA593403","SRS2392269","10","98.51","1.49","0.00"
"SRA593403","SRS2392269","4","80.22","12.09","7.69"
"SRA593403","SRS2392269","14","37.50","53.12","9.38"
"SRA593403","SRS2392269","19","100.00","0.00","0.00"
"SRA593403","SRS2392269","18","100.00","0.00","0.00"
"SRA593403","SRS2392269","16","91.67","4.17","4.16"
"SRA593403","SRS2392268","4","98.18","0.00","1.82"
"SRA593403","SRS2392268","8","95.45","0.00","4.55"
"SRA593403","SRS2392268","6","100.00","0.00","0.00"
"SRA593403","SRS2392268","1","95.19","2.88","1.93"
"SRA593403","SRS2392268","9","92.31","0.00","7.69"
"SRA593403","SRS2392268","2","97.89","2.11","0.00"
"SRA593403","SRS2392268","0","75.40","14.29","10.31"
"SRA593403","SRS2392268","3","21.21","65.15","13.64"
"SRA593403","SRS2392268","11","100.00","0.00","0.00"
"SRA593403","SRS2392268","5","73.17","12.20","14.63"
"SRA593403","SRS2392268","7","83.87","9.68","6.45"
"SRA593403","SRS2392268","10","90.91","9.09","0.00"
"SRA695134","SRS3218229","4","43.33","38.80","17.87"
"SRA695134","SRS3218229","5","34.12","7.53","58.35"
"SRA695134","SRS3218229","1","31.86","22.97","45.17"
"SRA695134","SRS3218229","12","10.99","41.76","47.25"
"SRA695134","SRS3218229","3","31.84","22.76","45.40"
"SRA695134","SRS3218229","2","36.42","28.18","35.40"
"SRA695134","SRS3218229","0","32.88","9.95","57.17"
"SRA695134","SRS3218229","8","32.71","17.69","49.60"
"SRA695134","SRS3218229","11","43.04","12.03","44.93"
"SRA695134","SRS3218229","16","48.15","24.07","27.78"
"SRA695134","SRS3218229","9","45.05","12.38","42.57"
"SRA695134","SRS3218229","6","49.61","16.86","33.53"
"SRA695134","SRS3218229","7","39.45","22.83","37.72"
"SRA695134","SRS3218229","13","25.32","41.77","32.91"
"SRA695134","SRS3218229","10","80.62","9.38","10.00"
"SRA695134","SRS3218229","15","15.87","14.29","69.84"
"SRA695134","SRS3218229","14","17.33","34.67","48.00"
"SRA709693","SRS3331504","0","97.83","2.17","0.00"
"SRA709693","SRS3331504","1","61.76","25.00","13.24"
"SRA709693","SRS3331504","3","39.02","51.22","9.76"
"SRA709693","SRS3331504","2","72.06","16.18","11.76"
"SRA709693","SRS3331503","4","74.79","20.17","5.04"
"SRA709693","SRS3331503","1","92.41","2.99","4.60"
"SRA709693","SRS3331503","0","95.66","1.60","2.74"
"SRA709693","SRS3331503","6","55.68","25.00","19.32"
"SRA709693","SRS3331503","3","97.69","0.93","1.38"
"SRA709693","SRS3331503","2","5.37","86.36","8.27"
"SRA709693","SRS3331503","5","95.83","2.08","2.09"
"SRA593403","SRS2392271","0","94.23","2.88","2.89"
"SRA593403","SRS2392271","4","100.00","0.00","0.00"
"SRA593403","SRS2392271","2","63.33","26.67","10.00"
"SRA593403","SRS2392271","1","71.43","17.14","11.43"
"SRA593403","SRS2392271","3","100.00","0.00","0.00"
"SRA550660","SRS2089635","4","71.91","17.98","10.11"
"SRA550660","SRS2089635","1","88.11","9.46","2.43"
"SRA550660","SRS2089635","0","73.83","18.65","7.52"
"SRA550660","SRS2089635","3","82.89","9.87","7.24"
"SRA550660","SRS2089635","2","75.72","13.58","10.70"
"SRA593403","SRS2392272","5","97.30","2.70","0.00"
"SRA593403","SRS2392272","3","98.04","1.96","0.00"
"SRA593403","SRS2392272","0","90.48","7.62","1.90"
"SRA593403","SRS2392272","9","100.00","0.00","0.00"
"SRA593403","SRS2392272","1","76.92","16.67","6.41"
"SRA593403","SRS2392272","8","36.36","54.55","9.09"
"SRA593403","SRS2392272","6","86.11","13.89","0.00"
"SRA593403","SRS2392272","2","100.00","0.00","0.00"
"SRA593403","SRS2392272","4","100.00","0.00","0.00"
"SRA593403","SRS2392272","7","100.00","0.00","0.00"
"SRA550660","SRS2089638","1","86.80","7.62","5.58"
"SRA550660","SRS2089638","0","72.42","14.76","12.82"
"SRA550660","SRS2089638","2","90.61","6.10","3.29"
"SRA550660","SRS2089638","4","82.22","7.78","10.00"
"SRA550660","SRS2089638","3","75.86","9.48","14.66"
"SRA550660","SRS2089638","5","89.06","1.56","9.38"
"SRA550660","SRS2089638","6","81.25","0.00","18.75"
"SRA550660","SRS2089639","5","94.94","2.35","2.71"
"SRA550660","SRS2089639","11","97.03","1.98","0.99"
"SRA550660","SRS2089639","2","97.56","0.93","1.51"
"SRA550660","SRS2089639","4","96.72","1.28","2.00"
"SRA550660","SRS2089639","0","97.36","1.16","1.48"
"SRA550660","SRS2089639","3","97.07","1.58","1.35"
"SRA550660","SRS2089639","1","95.28","2.12","2.60"
"SRA550660","SRS2089639","12","66.67","26.98","6.35"
"SRA550660","SRS2089639","13","100.00","0.00","0.00"
"SRA550660","SRS2089639","7","99.37","0.00","0.63"
"SRA550660","SRS2089639","8","94.55","2.88","2.57"
"SRA550660","SRS2089639","9","98.80","0.00","1.20"
"SRA550660","SRS2089639","6","98.76","0.18","1.06"
"SRA550660","SRS2089639","10","95.20","2.40","2.40"
"SRA550660","SRS2089639","14","100.00","0.00","0.00"
"SRA638923","SRS2758459","3","81.82","15.91","2.27"
"SRA638923","SRS2758459","0","77.92","21.43","0.65"
"SRA638923","SRS2758459","2","93.24","5.41","1.35"
"SRA638923","SRS2758459","4","88.46","11.54","0.00"
"SRA638923","SRS2758459","5","100.00","0.00","0.00"
"SRA638923","SRS2758459","1","66.67","27.38","5.95"
"SRA638923","SRS2797051","1","31.63","50.20","18.17"
"SRA638923","SRS2797051","0","41.03","44.60","14.37"
"SRA638923","SRS2797051","3","35.26","46.03","18.71"
"SRA638923","SRS2797051","2","46.72","35.04","18.24"
"SRA638923","SRS2797051","4","54.14","35.52","10.34"
"SRA638923","SRS2797051","6","37.50","56.25","6.25"
"SRA638923","SRS2797051","5","50.00","38.89","11.11"
"SRA638923","SRS2797052","0","47.59","35.18","17.23"
"SRA638923","SRS2797052","1","43.85","37.09","19.06"
"SRA638923","SRS2797052","3","57.07","25.85","17.08"
"SRA638923","SRS2797052","4","35.61","42.93","21.46"
"SRA638923","SRS2797052","2","44.52","39.50","15.98"
"SRA638923","SRS2797052","5","56.82","22.73","20.45"
"SRA638923","SRS2797052","6","54.55","31.82","13.63"
"SRA638923","SRS2797047","0","20.50","74.26","5.24"
"SRA638923","SRS2797047","4","70.23","20.86","8.91"
"SRA638923","SRS2797047","1","34.84","56.26","8.90"
"SRA638923","SRS2797047","2","74.40","16.77","8.83"
"SRA638923","SRS2797047","3","63.37","25.00","11.63"
"SRA638923","SRS2797047","6","66.67","12.84","20.49"
"SRA638923","SRS2797047","5","69.42","18.27","12.31"
"SRA638923","SRS2797047","8","30.12","60.24","9.64"
"SRA638923","SRS2797047","10","61.82","34.55","3.63"
"SRA638923","SRS2797047","7","68.24","22.35","9.41"
"SRA638923","SRS2797047","11","78.79","15.15","6.06"
"SRA638923","SRS2797047","9","54.24","40.68","5.08"
"SRA638923","SRS2797047","12","65.22","30.43","4.35"
"SRA638923","SRS2797054","0","60.70","25.53","13.77"
"SRA638923","SRS2797054","2","66.33","25.38","8.29"
"SRA638923","SRS2797054","1","65.62","24.16","10.22"
"SRA638923","SRS2797054","3","64.72","26.51","8.77"
"SRA638923","SRS2797054","6","77.05","18.03","4.92"
"SRA638923","SRS2797054","4","61.57","28.70","9.73"
"SRA638923","SRS2797054","5","54.39","32.46","13.15"
"SRA638923","SRS2797054","7","35.29","47.06","17.65"
"SRA638923","SRS2797054","8","92.31","7.69","0.00"
"SRA638923","SRS2797040","2","47.06","52.94","0.00"
"SRA638923","SRS2797040","1","70.45","25.00","4.55"
"SRA638923","SRS2797040","3","19.23","73.08","7.69"
"SRA638923","SRS2797040","0","56.72","34.33","8.95"
"SRA638923","SRS2797046","2","36.05","32.88","31.07"
"SRA638923","SRS2797046","0","66.80","15.87","17.33"
"SRA638923","SRS2797046","1","95.89","2.33","1.78"
"SRA638923","SRS2797046","3","52.71","24.81","22.48"
"SRA638923","SRS2797046","7","77.19","19.30","3.51"
"SRA638923","SRS2797046","4","72.73","14.20","13.07"
"SRA638923","SRS2797046","8","70.75","13.21","16.04"
"SRA638923","SRS2797046","9","57.78","36.67","5.55"
"SRA638923","SRS2797046","6","46.88","36.72","16.40"
"SRA638923","SRS2797046","11","76.92","12.82","10.26"
"SRA638923","SRS2797046","10","78.95","9.21","11.84"
"SRA638923","SRS2797046","5","97.78","1.48","0.74"
"SRA638923","SRS2797046","12","60.00","32.00","8.00"
"SRA638923","SRS2797046","13","66.67","28.57","4.76"
"SRA638923","SRS2797044","1","62.33","33.53","4.14"
"SRA638923","SRS2797044","5","79.88","14.20","5.92"
"SRA638923","SRS2797044","2","38.68","53.70","7.62"
"SRA638923","SRS2797044","0","66.67","26.47","6.86"
"SRA638923","SRS2797044","7","59.32","32.20","8.48"
"SRA638923","SRS2797044","3","67.68","24.92","7.40"
"SRA638923","SRS2797044","4","75.72","15.03","9.25"
"SRA638923","SRS2797044","9","55.56","36.11","8.33"
"SRA638923","SRS2797044","6","60.94","35.94","3.12"
"SRA638923","SRS2797044","8","66.67","12.82","20.51"
"SRA638923","SRS2797044","10","53.85","42.31","3.84"
"SRA638923","SRS2797044","11","33.33","58.33","8.34"
"SRA550660","SRS2089637","1","92.70","3.44","3.86"
"SRA550660","SRS2089637","0","96.89","0.82","2.29"
"SRA550660","SRS2089637","13","97.73","0.00","2.27"
"SRA550660","SRS2089637","2","94.76","1.68","3.56"
"SRA550660","SRS2089637","6","96.07","2.21","1.72"
"SRA550660","SRS2089637","4","92.48","2.12","5.40"
"SRA550660","SRS2089637","3","95.25","2.67","2.08"
"SRA550660","SRS2089637","11","90.38","7.69","1.93"
"SRA550660","SRS2089637","10","98.11","0.00","1.89"
"SRA550660","SRS2089637","7","95.98","2.68","1.34"
"SRA550660","SRS2089637","8","98.81","0.40","0.79"
"SRA550660","SRS2089637","5","99.13","0.35","0.52"
"SRA550660","SRS2089637","12","63.64","28.79","7.57"
"SRA550660","SRS2089637","9","92.49","1.41","6.10"
"SRA550660","SRS2089637","14","100.00","0.00","0.00"
"SRA638923","SRS2758454","1","93.35","6.14","0.51"
"SRA638923","SRS2758454","0","95.96","1.91","2.13"
"SRA638923","SRS2758454","3","94.60","4.32","1.08"
"SRA638923","SRS2758454","6","73.44","25.00","1.56"
"SRA638923","SRS2758454","2","87.46","10.85","1.69"
"SRA638923","SRS2758454","5","86.36","10.61","3.03"
"SRA638923","SRS2758454","9","92.86","3.57","3.57"
"SRA638923","SRS2758454","8","92.86","7.14","0.00"
"SRA638923","SRS2758454","7","79.03","19.35","1.62"
